42
40
| 1 1 1 1 1 1 1 1 1 1 1 1 1 1 1 1 1 1 1 1 1 1 1 1 1 1 1 1 1 1 1 1
| 1 1 1 1 1 1 1 1 1 1 1 1 1 1 1 1 1 1 1 1 1 1 1 1 1 1 1 1 1 1 1 13
| 1 1 1 1 1 1 1 1 1 1 1 1 1 1 1 1 1 1 1 1 1 1 1 1 1 1 1 1 1 1 13 15
| 1 1 1 1 1 1 1 1 1 1 1 1 1 1 1 1 1 1 1 1 1 1 1 1 1 1 1 1 1 13 15 31
| 1 1 1 1 1 1 1 1 1 1 1 1 1 1 1 1 1 1 1 1 1 1 1 1 1 1 1 1 13 15 31 45
| 1 1 1 1 1 1 1 1 1 1 1 1 1 1 1 1 1 1 1 1 1 1 1 1 1 1 1 13 15 31 45 45
| 1 1 1 1 1 1 1 1 1 1 1 1 1 1 1 1 1 1 1 1 1 1 1 1 1 1 13 15 31 45 45 63
| 1 1 1 1 1 1 1 1 1 1 1 1 1 1 1 1 1 1 1 1 1 1 1 1 1 13 15 31 45 45 63 31
| 1 1 1 1 1 1 1 1 1 1 1 1 1 1 1 1 1 1 1 1 1 1 1 1 13 15 31 45 45 63 31 13
| 1 1 1 1 1 1 1 1 1 1 1 1 1 1 1 1 1 1 1 1 1 1 1 13 15 31 45 45 63 31 13 1
| 1 1 1 1 1 1 1 1 1 1 1 1 1 1 1 1 1 1 1 1 1 1 13 15 31 45 45 63 31 13 1 1
| 1 1 1 1 1 1 1 1 1 1 1 1 1 1 1 1 1 1 1 1 1 13 15 31 45 45 63 31 13 1 1 1
| 1 1 1 1 1 1 1 1 1 1 1 1 1 1 1 1 1 1 1 1 13 15 31 45 45 63 31 13 1 1 1 1
| 1 1 1 1 1 1 1 1 1 1 1 1 1 1 1 1 1 1 1 13 15 31 45 45 63 31 13 1 1 1 1 1
| 1 1 1 1 1 1 1 1 1 1 1 1 1 1 1 1 1 1 13 15 31 45 45 63 31 13 1 1 1 1 1 1
| 1 1 1 1 1 1 1 1 1 1 1 1 1 1 1 1 1 13 15 31 45 45 63 31 13 1 1 1 1 1 1 1
| 1 1 1 1 1 1 1 1 1 1 1 1 1 1 1 1 13 15 31 45 45 63 31 13 1 1 1 1 1 1 1 1
| 1 1 1 1 1 1 1 1 1 1 1 1 1 1 1 13 15 31 45 45 63 31 13 1 1 1 1 1 1 1 1 1
| 1 1 1 1 1 1 1 1 1 1 1 1 1 1 13 15 31 45 45 63 31 13 1 1 1 1 1 1 1 1 1 1
| 1 1 1 1 1 1 1 1 1 1 1 1 1 13 15 31 45 45 63 31 13 1 1 1 1 1 1 1 1 1 1 1
| 1 1 1 1 1 1 1 1 1 1 1 1 13 15 31 45 45 63 31 13 1 1 1 1 1 1 1 1 1 1 1 1
| 1 1 1 1 1 1 1 1 1 1 1 13 15 31 45 45 63 31 13 1 1 1 1 1 1 1 1 1 1 1 1 1
| 1 1 1 1 1 1 1 1 1 1 13 15 31 45 45 63 31 13 1 1 1 1 1 1 1 1 1 1 1 1 1 1
| 1 1 1 1 1 1 1 1 1 13 15 31 45 45 63 31 13 1 1 1 1 1 1 1 1 1 1 1 1 1 1 1
| 1 1 1 1 1 1 1 1 13 15 31 45 45 63 31 13 1 1 1 1 1 1 1 1 1 1 1 1 1 1 1 1
| 1 1 1 1 1 1 1 13 15 31 45 45 63 31 13 1 1 1 1 1 1 1 1 1 1 1 1 1 1 1 1 1
| 1 1 1 1 1 1 13 15 31 45 45 63 31 13 1 1 1 1 1 1 1 1 1 1 1 1 1 1 1 1 1 1
| 1 1 1 1 1 13 15 31 45 45 63 31 13 1 1 1 1 1 1 1 1 1 1 1 1 1 1 1 1 1 1 1
| 1 1 1 1 13 15 31 45 45 63 31 13 1 1 1 1 1 1 1 1 1 1 1 1 1 1 1 1 1 1 1 1
| 1 1 1 13 15 31 45 45 63 31 13 1 1 1 1 1 1 1 1 1 1 1 1 1 1 1 1 1 1 1 1 1
| 1 1 13 15 31 45 45 63 31 13 1 1 1 1 1 1 1 1 1 1 1 1 1 1 1 1 1 1 1 1 1 1
| 1 13 15 31 45 45 63 31 13 1 1 1 1 1 1 1 1 1 1 1 1 1 1 1 1 1 1 1 1 1 1 1
| 13 15 31 45 45 63 31 13 1 1 1 1 1 1 1 1 1 1 1 1 1 1 1 1 1 1 1 1 1 1 1 1
| 15 31 45 45 63 31 13 1 1 1 1 1 1 1 1 1 1 1 1 1 1 1 1 1 1 1 1 1 1 1 1 1
| 31 45 45 63 31 13 1 1 1 1 1 1 1 1 1 1 1 1 1 1 1 1 1 1 1 1 1 1 1 1 1 1
| 45 45 63 31 13 1 1 1 1 1 1 1 1 1 1 1 1 1 1 1 1 1 1 1 1 1 1 1 1 1 1 1
| 45 63 31 13 1 1 1 1 1 1 1 1 1 1 1 1 1 1 1 1 1 1 1 1 1 1 1 1 1 1 1 1
| 63 31 13 1 1 1 1 1 1 1 1 1 1 1 1 1 1 1 1 1 1 1 1 1 1 1 1 1 1 1 1 1
| 31 13 1 1 1 1 1 1 1 1 1 1 1 1 1 1 1 1 1 1 1 1 1 1 1 1 1 1 1 1 1 1
| 13 1 1 1 1 1 1 1 1 1 1 1 1 1 1 1 1 1 1 1 1 1 1 1 1 1 1 1 1 1 1 1
| 1 1 1 1 1 1 1 1 1 1 1 1 1 1 1 1 1 1 1 1 1 1 1 1 1 1 1 1 1 1 1 1
| 1 1 1 1 1 1 1 1 1 1 1 1 1 1 1 1 1 1 1 1 1 1 1 1 1 1 1 1 1 1 1 1
