21
300
| 255 127 63 31 15 31 63 127 255 127 63 31 15 31 63 127 255 127 63 31 15 31 63 127 255 127 63 31 15 31 63 127
| 127 255 127 63 31 15 31 63 127 255 127 63 31 15 31 63 127 255 127 63 31 15 31 63 127 255 127 63 31 15 31 63
| 63 127 255 127 63 31 15 31 63 127 255 127 63 31 15 31 63 127 255 127 63 31 15 31 63 127 255 127 63 31 15 31
| 31 63 127 255 127 63 31 15 31 63 127 255 127 63 31 15 31 63 127 255 127 63 31 15 31 63 127 255 127 63 31 15
| 15 31 63 127 255 127 63 31 15 31 63 127 255 127 63 31 15 31 63 127 255 127 63 31 15 31 63 127 255 127 63 31
| 31 15 31 63 127 255 127 63 31 15 31 63 127 255 127 63 31 15 31 63 127 255 127 63 31 15 31 63 127 255 127 63
| 63 31 15 31 63 127 255 127 63 31 15 31 63 127 255 127 63 31 15 31 63 127 255 127 63 31 15 31 63 127 255 127
| 127 63 31 15 31 63 127 255 127 63 31 15 31 63 127 255 127 63 31 15 31 63 127 255 127 63 31 15 31 63 127 255 
|clock
|clock
|clock
|clock
|clock
| 255 127 63 31 15 31 63 127 255 127 63 31 15 31 63 127 255 127 63 31 15 31 63 127 255 127 63 31 15 31 63 127
| 127 255 127 63 31 15 31 63 127 255 127 63 31 15 31 63 127 255 127 63 31 15 31 63 127 255 127 63 31 15 31 63
| 63 127 255 127 63 31 15 31 63 127 255 127 63 31 15 31 63 127 255 127 63 31 15 31 63 127 255 127 63 31 15 31
| 31 63 127 255 127 63 31 15 31 63 127 255 127 63 31 15 31 63 127 255 127 63 31 15 31 63 127 255 127 63 31 15
| 15 31 63 127 255 127 63 31 15 31 63 127 255 127 63 31 15 31 63 127 255 127 63 31 15 31 63 127 255 127 63 31
| 31 15 31 63 127 255 127 63 31 15 31 63 127 255 127 63 31 15 31 63 127 255 127 63 31 15 31 63 127 255 127 63
| 63 31 15 31 63 127 255 127 63 31 15 31 63 127 255 127 63 31 15 31 63 127 255 127 63 31 15 31 63 127 255 127
| 127 63 31 15 31 63 127 255 127 63 31 15 31 63 127 255 127 63 31 15 31 63 127 255 127 63 31 15 31 63 127 255